






































































































































































































































































































































































































































































































































































































































380.33,233.18
317.14,228.20
305.45,222.53
391.06,231.50
323.12,226.04
345.84,229.20
335.62,229.98
388.79,232.33
349.17,228.42
384.88,231.60
379.20,234.68
308.42,223.30
344.18,228.36
327.65,228.74
338.99,228.27
350.45,230.40
353.16,230.63
331.83,228.31
378.72,231.21
324.53,228.96
346.91,225.68
325.37,225.80
367.40,231.20
334.72,230.95
351.51,224.31
376.95,231.00
354.50,230.78
374.13,232.69
325.84,226.69
331.34,230.32
355.91,232.29
316.90,226.53
370.76,230.67
303.65,225.11
353.23,233.67
323.86,228.45
349.58,232.08
347.08,233.61
358.23,233.87
339.73,224.40
338.48,226.78
345.54,230.76
325.21,228.70
391.39,234.95
309.32,225.06
353.09,228.71
359.28,228.28
371.79,233.01
364.87,225.93
335.47,228.19
348.36,231.23
343.88,230.96
328.70,227.45
346.06,235.94
350.30,231.37
320.69,227.08
359.45,231.82
341.35,231.76
320.20,227.38
375.05,234.94
361.99,232.79
345.03,230.08
361.39,232.30
327.42,230.67
368.96,227.42
369.95,228.84
385.56,236.50
363.41,229.88
354.99,234.72
397.94,233.23
358.37,234.09
368.98,232.86
357.85,231.54
335.50,229.73
314.62,229.25
330.01,227.99
332.79,228.17
378.58,233.44
382.41,234.59
348.45,232.68
324.88,227.32
343.99,228.90
342.18,230.07
352.97,226.83
339.57,228.17
385.99,234.48
345.26,231.05
316.36,223.64
327.76,232.55
329.33,228.93
357.75,232.50
326.12,225.23
320.70,224.39
329.24,229.01
336.86,229.46
363.06,230.08
317.89,230.13
348.08,227.67
337.86,229.89
395.08,231.08
365.31,227.80
363.97,230.74
316.67,229.49
367.63,231.00
397.91,234.99
393.73,232.70
352.90,228.28
335.19,232.90
368.51,231.39
332.73,226.47
330.91,227.62
321.63,225.84
357.37,230.31
341.88,232.11
353.79,230.52
327.93,226.65
369.86,229.32
335.31,228.33
345.28,226.17
313.76,226.59
361.78,231.69
363.52,227.52
354.02,225.28
372.96,228.93
322.98,227.77
350.22,231.13
341.60,228.12
351.42,231.38
378.89,233.87
314.74,222.40
363.98,233.08
352.84,229.68
375.45,234.84
346.45,231.95
381.08,235.54
336.96,229.48
359.33,224.76
370.20,227.19
352.65,229.41
347.03,235.73
335.33,229.35
364.07,234.35
331.72,231.81
356.90,229.54
380.51,234.59
366.91,229.76
352.48,231.19
372.28,231.47
367.82,235.04
347.65,228.88
366.81,231.72
326.71,228.37
373.20,231.91
367.35,229.62
316.13,227.34
341.18,231.69
325.41,227.79
313.60,225.10
317.29,226.94
337.61,229.20
332.69,231.19
331.44,223.84
384.50,234.14
347.93,228.65
363.44,231.25
348.93,230.62
350.29,229.42
334.99,231.42
351.27,224.01
367.92,234.90
342.90,227.54
338.26,229.19
327.57,225.89
346.90,228.69
317.44,227.52
359.84,234.74
373.81,231.01
323.68,225.98
365.73,228.04
365.13,234.73
351.21,226.98
371.78,228.85
358.48,229.51
314.70,227.31
328.50,225.95
326.02,229.95
375.43,236.98
362.59,230.48
335.53,229.41
362.16,230.95
355.55,229.31
315.61,227.09
367.47,231.28
316.20,222.57
347.10,226.75
367.53,230.57
303.22,227.07
359.14,232.03
357.96,231.44
316.09,227.87
384.92,228.97
318.33,228.09
356.82,230.15
354.11,230.94
363.94,231.29
328.21,225.54
362.93,234.47
372.72,228.07
346.06,226.66
330.81,228.06
347.50,231.29
372.42,235.07
355.34,229.28
324.85,226.04
355.41,231.30
350.33,227.05
363.87,228.48
313.21,224.26
378.75,234.55
388.20,234.28
372.35,231.32
335.29,228.57
372.02,230.77
350.27,231.86
354.50,232.62
352.87,230.99
317.46,232.67
365.22,232.66
343.74,231.04
365.53,228.37
343.30,230.74
339.09,228.02
352.25,230.13
352.15,229.80
344.23,226.42
356.87,231.38
347.50,230.51
381.52,235.42
360.52,232.29
365.30,229.90
364.40,231.21
348.73,229.59
341.20,231.68
374.17,231.08
336.38,231.68
321.25,226.34
368.31,235.28
327.88,231.23
371.47,231.70
304.49,226.94
377.29,232.98
345.50,228.34
332.67,234.06
342.64,226.31
356.32,230.75
343.79,226.43
355.10,230.73
344.34,228.53
363.07,228.67
364.44,230.07
355.51,229.65
361.61,235.76
348.05,230.27
367.12,230.09
338.52,226.78
360.65,233.64
345.89,229.63
347.62,233.80
342.88,229.82
343.75,227.69
299.33,226.66
303.57,227.78
340.98,229.19
335.76,230.00
347.18,227.43
326.23,226.46
356.97,231.90
347.13,230.74
350.99,229.45
381.27,235.70
378.94,229.67
383.59,234.15
358.75,233.12
344.52,230.01
377.11,233.31
338.37,227.14
379.07,234.28
352.46,232.39
352.84,233.84
351.98,230.77
361.67,231.09
333.15,226.18
356.29,235.28
318.46,224.57
356.84,229.52
359.52,231.77
361.89,229.56
370.47,231.82
329.34,225.88
308.57,230.52
361.99,230.75
362.09,233.11
372.75,231.63
349.54,231.82
371.20,230.61
319.23,226.17
386.45,235.74
325.35,227.17
334.13,228.38
367.99,229.86
369.52,237.69
313.53,224.80
346.91,229.45
343.67,227.71
366.58,231.63
329.62,226.75
313.27,226.48
354.37,229.77
337.02,226.93
336.47,232.31
340.35,229.59
331.64,229.04
379.72,234.82
326.27,228.66
371.08,230.24
335.46,224.98
339.36,226.49
328.00,230.71
347.07,230.79
372.38,233.37
334.50,226.21
332.24,230.29
349.54,229.67
352.12,226.40
374.56,231.61
371.15,235.00
349.46,225.18
315.37,226.82
344.98,228.35
329.04,226.08
394.58,230.70
326.49,227.20
375.85,236.32
351.83,233.62
348.49,227.51
349.82,228.30
319.78,230.13
347.14,228.39
349.66,229.13
344.98,223.86
355.84,229.51
369.59,232.74
363.77,232.16
342.37,229.88
340.36,227.55
348.57,228.28
335.75,232.71
365.09,231.73
322.19,229.85
363.50,234.53
355.88,231.44
327.79,224.65
357.19,228.89
352.96,231.10
324.56,227.65
348.80,223.68
353.77,227.78
362.87,229.48
323.81,227.88
321.66,229.87
378.39,235.32
362.43,229.80
347.15,232.03
321.96,225.77
349.92,229.27
354.10,232.68
350.82,233.74
377.58,233.99
356.24,230.71
341.25,230.12
365.05,234.64
357.42,227.36
343.64,229.01
356.77,234.01
369.59,228.55
346.54,227.38
379.85,236.70
366.11,232.53
326.41,227.95
372.21,230.77
378.11,232.88
318.02,225.04
372.30,235.07
349.37,233.27
332.06,228.18
353.36,232.42
346.64,228.85
352.26,238.66
301.62,227.09
335.13,229.76
351.39,231.89
352.93,232.87
330.20,229.91
355.63,229.56
365.71,233.92
354.10,228.40
346.24,225.31
325.31,228.46
350.90,230.80
360.11,229.54
351.91,227.58
346.52,232.09
349.69,229.40
312.77,224.45
347.58,232.30
345.54,224.94
376.47,227.19
362.29,229.89
347.74,230.51
334.47,231.54
392.85,234.63
374.87,236.16
362.39,231.27
365.36,232.94
355.33,233.07
335.61,227.30
348.91,230.12
366.65,232.87
349.84,229.47
361.50,229.54
332.42,229.03
373.19,236.08
367.78,233.27
359.07,230.84
370.06,230.82
310.36,223.04
345.14,231.19
316.40,226.44
337.96,226.49
354.89,229.67
348.74,228.04
369.31,232.97
375.88,233.76
344.67,232.86
340.90,232.32
341.58,230.12
373.21,232.03
377.19,234.88
349.74,227.88
378.18,233.27
303.49,223.80
341.66,229.33
360.15,233.60
347.98,227.55
351.60,233.28
330.67,225.97
350.68,228.04
327.84,227.32
334.52,233.20
359.07,228.56
342.82,233.15
332.25,226.56
391.67,230.65
367.27,232.37
384.63,235.99
371.70,230.79
353.84,229.62
340.19,223.58
371.80,236.83
342.53,231.16
380.53,232.60
395.58,235.31
340.92,231.47
368.05,234.32
309.75,227.22
356.64,228.81
327.33,228.50
385.98,235.84
354.77,232.96
356.19,230.89
333.15,225.56
355.06,234.72
310.30,227.97
371.76,230.21
352.75,232.20
351.36,229.41
336.33,226.40
350.72,228.42
322.51,226.26
350.49,228.98
361.45,227.35
338.66,232.85
363.89,229.68
321.28,227.73
355.36,228.41
379.39,237.14
345.75,229.01
372.41,232.40
384.29,231.33
358.18,228.39
335.12,228.69
334.04,224.39
324.70,230.20
334.89,226.41
323.54,224.70
334.56,228.38
360.65,228.78
344.29,232.35
364.63,231.58
369.38,230.11
361.96,226.69
358.50,230.11
349.02,229.12
331.87,227.31
336.48,224.92
381.20,231.66
333.66,231.11
334.09,223.24
330.69,225.99
371.94,230.60
388.21,234.90
357.33,233.27
371.87,233.16
372.94,233.70
407.18,238.30
365.31,233.22
384.59,235.09
334.93,227.89
362.28,232.75
365.08,231.79
364.76,229.62
326.34,223.98
348.31,229.60
371.81,234.51
311.91,225.83
307.88,227.76
341.20,227.54
328.17,227.65
323.53,229.01
301.73,225.32
359.07,232.19
349.25,226.81
358.83,230.98
365.24,230.85
333.49,224.54
356.04,232.07
353.54,229.83
391.52,234.74
338.78,230.99
322.61,229.04
350.40,226.59
333.72,226.11
351.38,232.89
335.44,229.34
362.95,235.09
341.48,227.37
377.69,235.52
322.91,228.83
381.16,235.64
315.62,227.48
313.76,224.74
352.84,229.78
320.19,227.72
360.38,230.41
351.83,231.00
355.81,230.71
316.40,223.20
319.52,229.65
351.38,228.54
333.77,227.67
312.80,226.48
336.59,228.67
359.09,233.09
373.38,234.98
331.74,227.77
329.30,225.89
356.14,225.03
363.17,232.20
355.78,228.93
371.30,228.80
323.86,227.13
390.77,234.76
336.87,224.22
380.49,231.98
348.98,228.42
360.62,230.11
335.89,229.44
367.23,229.53
369.07,232.83
340.36,228.39
336.25,228.93
350.80,226.67
368.52,230.94
335.88,228.13
393.43,231.10
326.03,227.17
363.18,231.23
356.41,229.13
331.10,228.49
388.60,230.05
333.20,225.21
333.47,229.69
334.73,226.08
297.52,221.97
348.06,226.30
324.25,220.92
403.54,231.20
362.32,226.81
319.83,223.59
358.05,228.23
337.66,227.19
319.51,232.19
385.30,230.57
349.52,228.88
357.14,232.28
371.19,236.71
320.99,227.48
349.98,228.18
366.45,232.71
367.68,230.93
329.67,232.12
357.03,230.75
372.40,234.87
351.55,231.31
319.07,225.35
371.10,234.73
333.85,228.41
343.23,229.49
381.27,233.71
366.83,227.31
350.55,227.68
355.09,229.18
364.91,227.97
315.07,225.26
365.59,236.01
358.56,231.94
375.60,236.51
364.69,233.65
353.72,230.32
373.08,233.97
348.08,231.69
303.29,224.74
331.94,232.95
366.41,228.86
387.15,233.88
352.62,232.89
359.25,234.52
354.70,229.49
313.32,222.50
373.88,231.11
349.29,229.61
335.89,226.95
361.54,233.21
377.52,233.55
390.09,231.07
332.82,225.82
345.93,230.19
343.41,225.73
370.50,233.56
366.60,233.18
355.29,229.60
338.22,231.82
331.57,226.62
342.39,226.86
343.39,233.21
332.36,227.15
345.58,230.22
360.50,236.70
318.08,222.23
364.40,226.61
377.66,233.19
375.82,230.38
350.77,230.65
341.26,231.16
328.39,230.80
319.99,228.35
363.64,231.31
305.28,225.29
397.87,234.06
359.69,228.30
387.79,236.21
320.03,225.19
365.02,234.61
377.97,231.46
340.09,229.00
375.78,228.78
410.93,239.27
334.95,227.89
329.54,225.13
324.67,224.05
311.37,222.20
371.33,228.33
336.01,230.14
340.48,227.60
338.24,222.23
341.81,233.12
339.28,228.34
355.79,230.04
348.67,227.04
347.35,230.13
305.99,223.83
362.25,229.85
347.03,232.62
359.62,236.09
375.87,232.89
358.96,231.23
343.71,229.02
387.76,227.49
333.49,227.57
333.17,229.68
362.32,232.41
340.02,228.80
347.09,228.45
345.98,230.86
354.85,234.43
374.22,233.36
348.18,227.93
363.25,228.59
348.50,233.06
339.16,226.41
377.52,231.51
316.48,227.98
334.14,225.02
368.74,231.83
370.67,233.67
371.75,235.49
387.39,229.63
375.24,234.62
356.03,227.50
335.44,224.62
300.33,229.29
322.19,229.48
357.27,228.71
343.23,233.78
343.17,228.50
343.67,232.07
326.97,230.31
335.07,227.67
382.79,231.30
363.45,234.33
354.63,229.49
317.90,228.23
385.46,234.76
360.60,233.46
345.92,229.06
318.25,224.69
401.74,233.99
322.04,225.82
338.04,228.91
324.61,227.08
321.66,220.30
319.14,230.06
352.30,234.05
331.47,227.22
346.03,230.92
353.34,232.80
395.80,233.55
340.13,228.62
349.28,229.98
351.42,234.62
329.96,233.37
344.42,229.27
339.10,226.68
330.94,226.49
339.25,229.45
386.15,236.15
355.27,232.49
352.37,232.50
381.36,233.55
347.03,234.29
363.52,229.19
373.24,232.45
341.51,232.44
363.25,233.26
361.64,228.01
322.23,226.24
367.19,233.70
332.24,222.86
343.70,228.57
318.59,228.08
324.13,225.82
355.49,232.66
360.71,228.68
409.12,235.01
337.72,229.97
365.51,233.70
357.83,229.84
347.99,228.59
322.46,228.26
324.99,225.32
348.66,231.87
348.99,226.00
364.43,229.12
376.77,230.43
377.53,233.93
329.23,226.80
334.26,223.87
334.90,229.44
347.03,230.42
350.54,230.19
324.55,228.81
364.10,234.15
351.08,229.86
352.63,226.95
341.65,229.84
359.30,229.03
347.17,229.04
351.97,227.01
362.28,238.71
367.98,231.64
317.29,226.43
355.43,229.30
329.72,230.18
366.50,227.61
338.23,234.58
332.44,226.44
386.14,229.45
333.84,227.53
356.39,228.48
382.02,231.34
370.03,232.50
356.42,230.57
305.79,221.17
351.16,227.11
376.65,235.04
332.10,225.71
354.83,232.45
334.17,226.82
368.60,233.63
300.24,225.46
352.54,229.73
329.21,228.39
389.85,230.73
353.17,226.58
363.34,232.99
342.34,226.31
363.24,233.45
349.70,229.31
406.36,235.79
317.72,229.32
360.83,230.64
345.24,228.54
357.59,235.75
367.44,231.61
328.07,227.03
366.35,229.62
372.44,234.46
323.04,226.24
351.70,229.60
341.16,226.52
345.14,230.86
337.18,229.35
371.26,234.95
331.30,226.45
365.20,225.52
337.88,232.90
363.07,230.51
368.26,234.37
300.03,222.30
352.35,230.56
353.93,234.36
350.35,231.58
339.05,231.16
344.72,233.01
369.87,231.09
349.66,228.96
327.09,230.07
353.80,229.06
326.06,225.74
336.48,232.57
303.13,227.59
341.39,228.93
356.68,228.93
325.85,221.64
323.49,226.67
399.28,234.90
336.82,233.33
346.97,231.12
360.45,228.28
358.68,232.32
342.92,224.66
354.59,229.74
336.45,224.53
315.86,227.20
348.01,228.38
357.04,230.75
358.48,235.48
348.84,226.39
314.62,228.57
348.23,227.88
362.67,232.68
356.73,233.32
324.62,233.35
362.64,229.98
356.86,230.84
375.62,229.78
304.01,224.15
350.04,234.00
326.05,226.86
326.00,226.23
354.74,228.47
356.77,232.93
350.01,227.05
378.87,227.87
292.84,220.37
348.00,227.58
343.41,232.12
372.22,230.42
348.88,231.28
347.37,233.99
377.22,228.88
334.55,227.45
331.90,231.11
363.91,232.02
332.57,228.73
391.02,236.28
317.54,226.09
355.56,227.80
360.13,230.95
354.23,234.53
346.89,226.55
339.23,225.35
358.16,231.64
376.38,230.43
362.03,235.46
329.13,225.92
363.99,228.39
364.94,231.80
364.67,227.60
335.02,229.15
368.35,231.10
356.35,230.27
345.40,229.05
376.23,230.34
356.41,230.22
367.93,228.95
361.15,229.74
322.25,229.69
355.47,233.84
344.09,227.67
371.06,228.81
362.54,231.52
342.83,228.84
375.36,234.94
354.74,228.36
361.11,233.72
363.16,227.12
349.79,229.73
343.08,227.77
361.69,231.39
342.70,230.41
362.52,229.86
327.89,229.00
362.84,229.73
351.29,229.98
362.71,234.58
328.61,227.40
339.71,225.95
340.62,229.11
339.92,227.75
318.12,229.39
350.52,228.40
356.62,229.23
405.59,236.71
361.76,230.12
348.91,229.78
322.78,230.98
363.15,234.11
355.61,228.18
354.79,227.56
364.52,228.48
398.86,239.89
342.46,226.95
353.48,230.93
361.19,226.98
315.08,225.68
361.16,228.92
344.39,229.44
349.47,224.95
349.54,231.70
324.15,227.11
341.05,229.09
355.19,228.94
353.46,232.03
341.44,229.37
313.46,228.97
350.02,230.07
349.85,231.59
340.59,225.67
343.86,224.98
400.53,234.77
373.91,232.50
343.26,226.20
359.10,230.38
378.22,230.73
352.49,234.53
348.96,228.55
368.85,234.08
352.56,226.14
331.56,226.41
377.33,229.04
337.96,231.41
326.17,228.12
343.90,228.93
338.62,229.93
331.62,229.18
360.64,229.73
343.44,229.74
338.62,230.09
357.95,231.99
369.03,232.69
379.04,235.15
344.32,228.46
359.06,227.12
313.46,226.70
353.27,235.43
302.12,220.74
356.31,233.73
385.81,235.05
325.23,226.72
361.61,232.09
392.34,231.30
339.73,228.41
405.83,233.22
324.35,222.69
350.42,227.07
351.66,232.68
346.27,231.31
364.31,231.24
375.12,232.36
319.90,227.32
329.71,227.70
387.31,231.79
356.32,230.27
373.86,235.94
358.19,229.76
371.52,232.32
340.49,230.52
358.57,230.29
355.62,229.80
385.90,233.84
313.72,225.50
314.04,225.98
334.36,226.49
351.63,228.68
376.85,235.22
303.22,222.63
326.27,229.67
328.58,228.71
364.33,234.73
351.06,229.56
346.38,233.30
332.84,225.53
375.47,236.29
348.43,231.31
354.15,227.66
355.04,229.41
360.81,231.64
368.21,234.27
341.53,232.98
333.22,228.64
342.47,228.22
344.02,226.59
331.09,227.89
342.99,227.18
294.38,224.05
339.38,228.74
372.14,237.06
337.02,228.47
328.32,226.51
332.02,229.12
313.85,228.10
339.27,231.16
395.48,238.36
310.37,222.46
334.23,229.84
335.70,225.43
344.24,229.09
332.37,234.59
349.86,228.07
347.65,230.06
338.14,233.96
354.10,231.74
359.05,227.53
329.12,228.84
317.13,225.20
365.29,233.97
346.59,227.10
368.05,228.31
310.45,227.74
359.92,227.19
336.11,228.98
347.47,228.45
322.34,229.44
347.11,227.20
371.01,228.22
335.47,227.40
392.45,231.18
338.67,229.14
355.85,231.41
328.71,223.04
386.76,228.67
337.85,232.96
344.08,231.98
345.27,225.77
364.73,230.39
346.02,231.52
339.37,232.59
339.68,230.27
378.86,231.85
372.71,233.09
341.01,229.61
312.69,224.32
375.49,231.54
342.16,232.56
336.87,233.65
333.69,230.15
345.65,231.65
345.31,226.20
369.91,234.92
344.17,228.67
342.19,226.66
360.75,236.10
390.81,234.24
332.63,229.51
350.12,231.56
356.96,233.08
370.53,230.43
338.58,229.10
317.19,229.11
348.69,236.56
326.98,225.28
345.11,232.07
319.24,228.16
342.76,230.90
344.81,227.06
326.61,228.14
366.16,228.95
315.28,231.57
360.54,229.87
370.72,233.64
356.23,236.80
361.17,230.60
304.77,221.42
327.03,227.93
320.87,231.08
367.96,235.23
355.99,230.33
365.06,232.86
382.16,230.97
352.66,232.38
350.23,229.82
356.93,228.78
343.39,231.44
340.28,227.80
339.04,225.72
332.24,231.55
370.43,233.79
350.63,230.82
357.72,229.68
343.87,237.23
343.48,226.51
326.32,224.60
345.91,229.06
341.21,229.75
391.32,234.05
392.22,232.91
366.79,234.08
357.32,230.97
345.79,236.11
343.75,228.32
308.00,222.42
367.49,230.91
344.27,230.83
373.10,233.67
335.28,226.75
329.99,227.65
363.10,227.44
387.92,235.92
314.37,222.14
335.75,233.01
373.82,230.29
368.72,230.44
326.83,228.55
345.25,227.54
351.17,233.01
337.24,227.80
341.90,227.77
319.49,226.95
374.28,236.12
312.19,228.75
346.05,232.96
349.67,229.88
384.20,225.79
335.60,231.42
307.51,226.48
355.89,231.74
361.21,232.23
312.62,226.15
386.37,235.74
366.45,229.46
354.06,232.43
365.50,237.44
360.45,232.87
352.75,234.01
380.17,230.49
344.92,227.51
366.12,230.60
328.99,223.82
358.47,229.30
374.56,231.20
384.47,234.62
337.15,228.26
373.17,232.97
358.20,228.81
356.35,231.61
321.80,226.27
356.66,230.44
340.63,226.46
355.97,237.61
345.05,231.31
347.43,229.05
321.64,226.85
345.32,230.79
362.79,228.14
393.37,234.95
351.18,228.74
364.60,234.82
367.62,234.49
357.74,228.14
379.74,233.13
349.81,231.37
365.42,231.20
352.14,229.83
359.27,232.30
338.87,226.40
373.82,232.46
364.47,232.40
363.44,228.54
316.96,227.12
380.76,235.54
360.64,234.03
349.56,227.79
329.21,229.05
333.74,229.29
343.76,232.46
346.69,229.67
345.28,230.31
330.94,225.03
329.22,227.90
363.57,230.83
327.28,229.62
373.20,228.75
313.03,226.50
333.34,222.39
330.76,229.15
370.85,232.59
374.70,233.13
353.74,227.31
340.75,233.22
322.73,225.17
335.80,227.56
358.71,235.19
361.42,230.16
354.17,229.35
378.21,231.63
322.32,226.08
366.26,230.78
380.13,228.35
327.33,227.84
363.86,234.17
358.93,228.35
375.73,233.93
332.99,229.10
326.68,227.30
367.54,231.27
343.30,231.77
353.49,232.55
334.36,231.99
339.96,227.56
360.17,234.22
366.55,232.71
372.83,239.01
344.23,229.71
338.75,226.49
370.96,233.03
354.85,231.87
341.09,233.49
380.83,233.27
309.50,225.84
337.76,230.52
352.19,230.11
313.53,227.80
334.60,229.44
391.11,235.80
373.70,235.08
359.24,232.70
336.64,233.26
348.25,230.53
344.60,227.43
340.02,227.36
326.69,226.63
319.52,229.43
337.26,225.72
303.53,221.82
354.60,234.21
321.49,228.18
295.31,227.86
335.66,232.17
365.02,231.72
331.56,228.51
330.71,228.87
371.92,228.99
356.11,232.15
302.13,225.67
344.10,227.71
374.60,230.16
369.78,232.81
375.55,234.10
343.22,234.83
353.69,229.54
325.81,230.96
339.77,232.23
349.39,232.46
352.49,233.07
328.13,229.57
373.54,232.35
317.01,228.48
328.21,229.39
338.38,223.21
318.85,226.02
294.45,223.63
355.52,231.71
330.25,230.10
342.48,230.20
344.28,230.34
324.68,227.95
374.77,230.24
354.99,231.33
358.40,231.32
363.48,226.07
350.15,229.83
331.85,228.77
370.04,231.76
358.93,229.20
376.27,236.34
310.90,224.11
348.95,227.72
366.48,234.63
345.63,232.58
351.51,227.41
330.27,229.21
349.29,230.11
340.59,226.24
336.55,228.06
322.16,227.00
340.35,228.17
364.20,229.05
364.59,227.50
315.21,223.95
360.81,233.02
373.23,236.51
373.97,232.68
343.24,230.61
322.63,229.90
322.61,228.86
313.02,223.31
343.66,232.08
357.47,230.70
320.79,227.24
335.84,230.52
353.38,230.77
311.40,227.10
336.94,227.09
356.61,232.63
336.88,228.24
329.65,228.25
345.10,229.00
347.52,235.25
325.22,232.10
368.11,231.89
361.65,233.35
377.86,234.41
345.06,230.87
333.90,225.09
362.97,228.30
357.92,230.91
376.76,233.46
306.20,228.70
317.72,226.80
410.02,233.73
331.32,229.07
308.29,226.07
375.33,232.88
384.93,234.77
320.51,228.38
351.30,232.09
357.63,228.85
330.03,227.85
346.79,234.55
357.48,230.85
348.88,231.33
358.91,229.91
338.23,224.91
370.41,237.16
361.32,230.49
358.19,230.40
321.42,227.84
352.81,230.13
375.19,233.10
360.69,230.79
317.20,224.54
356.36,230.94
326.81,226.64
333.52,223.69
347.08,232.59
315.40,228.96
361.17,229.60
324.21,227.53
365.90,231.87
346.77,230.23
359.39,231.60
332.17,233.00
348.75,236.79
334.66,226.16
358.07,235.67
341.09,227.61
340.39,229.41
362.60,227.89
360.42,230.53
313.91,227.71
379.57,236.59
364.29,230.97
377.57,232.18
310.84,228.43
354.63,231.83
341.75,229.10
350.73,225.43
334.16,233.07
356.14,229.16
370.54,230.60
342.09,224.94
299.83,222.99
352.74,229.66
368.85,236.18
346.30,233.09
351.94,228.51
365.16,233.04
341.92,229.24
355.61,229.08
371.08,230.63
369.84,233.23
410.01,233.58
345.43,226.22
336.02,229.72
353.32,229.82
354.49,229.58
345.27,230.64
379.98,234.56
348.18,235.24
394.00,238.02
350.34,231.93
361.45,229.98
326.92,230.36
358.35,228.73
348.85,233.09
335.20,229.87
357.97,230.96
374.44,226.94
347.22,228.36
379.62,231.33
386.80,229.09
367.47,228.83
306.01,229.82
330.88,228.71
371.64,231.63
323.77,221.53
346.48,230.66
334.12,230.88
332.87,229.00
346.05,227.02
340.09,234.53
339.04,228.36
344.40,223.89
348.98,227.63
327.76,225.11
356.50,227.66
351.30,232.60
363.87,235.52
364.77,234.13
395.50,229.92
371.49,228.89
382.01,229.03
330.94,228.14
363.88,233.74
355.12,231.24
347.40,229.67
334.67,226.48
346.33,228.66
354.00,228.41
376.28,227.80
345.93,227.94
335.40,228.49
350.18,231.93
365.91,234.76
359.35,232.35
327.97,225.47
347.05,231.15
332.26,228.71
351.84,234.36
332.90,230.39
368.07,227.87
347.80,233.46
294.27,224.74
356.46,231.83
326.09,228.42
320.97,225.05
371.73,233.02
358.75,230.50
341.35,229.13
365.96,232.99
346.81,226.18
353.38,228.30
310.67,226.23
330.84,227.04
364.61,234.47
349.50,228.20
341.79,230.66
308.22,226.30
352.98,234.44
333.75,230.04
314.27,225.49
359.88,233.13
370.02,235.68
349.94,230.10
352.75,234.84
342.17,228.28
332.70,226.70
351.32,227.43
363.83,236.31
364.86,236.72
370.01,232.66
358.29,231.12
341.26,230.92
358.06,230.42
379.29,229.71
360.49,231.46
345.84,228.80
355.95,231.24
365.89,228.92
349.10,224.85
402.15,236.11
373.09,230.11
328.35,229.19
382.42,234.28
332.04,227.56
329.13,227.62
374.22,232.17
329.96,228.90
359.17,226.41
391.96,237.59
337.56,228.09
347.97,231.06
333.52,225.63
339.73,228.96
307.24,221.47
328.49,226.98
377.76,232.33
355.29,231.77
349.12,227.57
340.20,229.62
351.85,231.76
360.59,232.22
335.65,230.48
363.01,231.90
351.10,231.53
374.11,234.13
339.13,228.18
364.96,234.77
341.68,232.44
354.32,233.76
355.14,235.11
350.23,232.23
364.30,238.26
348.86,227.35
327.10,226.27
348.02,230.95
364.36,229.73
334.20,232.55
335.36,229.23
326.42,224.64
346.92,228.84
337.12,227.22
386.43,236.95
330.09,228.51
336.96,228.32
325.61,224.13
364.12,230.90
316.69,229.06
340.56,226.66
331.44,232.12
310.66,223.47
348.06,226.81
344.47,230.45
328.24,225.43
356.94,233.85
351.78,232.52
354.42,233.46
363.13,229.67
371.89,233.98
328.29,226.81
352.10,231.27
300.28,221.90
342.08,228.64
306.41,223.57
356.92,228.59
314.34,223.98
357.90,234.71
383.38,231.13
353.60,231.62
365.72,226.66
340.56,226.50
354.09,230.79
350.78,226.73
368.65,232.69
342.02,224.33
368.39,229.46
339.06,230.53
364.05,229.60
318.65,231.78
335.14,228.16
349.21,229.62
378.64,229.87
359.83,234.84
330.59,230.32
362.11,230.09
307.76,223.32
346.21,230.99
351.08,231.22
363.66,231.52
374.65,227.44
368.12,229.50
360.16,229.57
350.81,229.08
318.07,229.36
377.75,235.14
360.42,227.16
357.32,231.36
337.74,223.39
292.73,224.01
343.51,233.19
351.70,236.07
365.96,234.73
358.81,230.63
354.87,228.53
349.04,231.34
368.13,229.31
338.04,229.84
360.70,227.48
365.53,229.57
407.12,233.14
347.59,229.21
331.81,227.65
345.09,230.92
335.17,227.48
372.77,231.97
379.11,232.07
331.41,231.61
347.05,230.48
371.26,228.28
361.50,230.33
316.42,223.91
368.28,229.39
336.85,232.20
374.14,230.24
375.33,232.96
330.87,228.27
380.95,228.50
347.40,232.82
362.53,231.95
334.15,227.35
345.47,230.14
314.61,229.65
374.86,232.61
369.16,232.28
335.94,228.30
339.66,229.28
344.83,231.44
351.25,235.13
376.54,232.30
342.01,230.63
362.74,232.92
337.98,229.10
357.32,232.38
348.51,228.67
362.27,229.56
386.36,229.74
362.90,231.78
339.66,231.36
332.72,229.89
324.22,224.81
342.76,229.17
353.84,226.37
322.37,225.15
358.24,229.87
367.16,232.54
349.72,232.23
338.89,230.68
328.62,229.61
348.64,227.86
328.56,227.20
356.51,234.61
326.81,230.05
330.23,228.27
362.47,227.75
342.05,225.42
335.84,225.37
375.85,232.95
336.81,228.12
346.95,227.09
364.14,236.68
368.54,230.09
318.97,228.64
327.46,226.78
306.69,223.94
350.89,231.47
334.35,230.51
342.58,226.61
358.41,233.25
378.19,232.11
317.82,229.69
358.47,228.07
359.17,232.60
329.96,229.95
327.84,228.24
370.95,231.64
365.02,229.43
323.07,226.70
332.17,230.36
346.72,233.08
343.01,229.25
356.80,234.85
362.58,227.93
359.42,227.76
360.95,228.23
374.20,235.26
381.08,234.16
324.42,224.39
323.24,225.91
365.50,228.31
336.60,227.72
393.50,237.50
349.79,230.60
333.94,229.51
315.10,225.01
341.42,229.25
338.80,231.85
347.66,232.39
379.23,234.99
336.11,227.12
334.28,222.15
341.68,231.38
371.38,234.12
331.53,230.30
372.55,232.36
329.62,226.62
364.55,229.65
335.45,226.44
340.37,225.41
353.52,229.40
332.90,226.37
324.95,227.06
308.68,226.39
359.63,230.45
347.75,232.22
325.71,229.02
332.99,232.85
333.71,229.59
355.20,227.80
363.32,231.46
337.21,230.61
370.18,235.32
337.33,230.93
366.13,233.21
383.29,232.66
335.86,223.78
377.25,233.52
362.61,233.61
355.44,226.40
367.93,230.17
353.04,227.55
357.16,231.74
379.42,234.15
329.50,230.33
358.77,228.51
356.74,232.63
365.93,231.12
348.93,229.18
336.08,228.42
398.36,235.66
337.98,225.58
354.78,227.95
353.50,228.37
335.79,226.18
309.75,225.40
342.45,230.99
335.12,230.01
350.79,231.49
389.88,238.14
378.39,231.76
352.75,231.08
382.09,236.63
366.00,231.01
319.24,225.57
332.75,231.37
357.84,228.56
315.70,226.28
345.76,230.20
365.17,227.55
406.31,236.68
341.50,226.25
385.35,236.58
344.98,229.23
353.22,233.36
330.27,227.28
348.46,229.37
346.77,228.08
331.87,227.59
363.13,234.28
333.60,226.06
356.20,232.78
341.35,233.82
348.22,228.39
352.23,229.75
380.03,232.93
365.69,229.14
350.23,227.52
327.31,226.39
366.02,231.24
360.25,230.87
322.62,229.29
317.04,225.15
352.57,230.10
312.64,222.65
348.33,230.20
344.83,232.18
353.82,226.04
340.92,226.74
356.21,231.75
350.86,232.79
351.80,229.23
379.98,234.17
358.63,230.93
340.33,231.17
343.62,229.78
330.88,232.30
344.38,230.43
392.42,234.70
357.59,229.29
341.83,226.87
372.09,231.26
349.58,229.88
392.92,233.14
314.58,226.49
368.42,232.12
321.15,228.16
357.34,227.91
323.87,224.81
362.39,231.85
359.24,235.53
340.09,228.14
363.47,230.23
339.53,225.96
376.35,225.39
374.12,236.24
349.15,231.84
384.83,237.12
365.43,231.08
317.08,227.27
345.80,230.78
319.12,227.84
368.12,228.71
353.01,233.12
344.76,226.12
340.19,231.89
307.74,223.70
329.09,228.44
356.00,230.82
369.83,230.63
323.11,228.30
335.96,224.45
310.71,229.96
341.63,227.42
349.33,229.94
338.07,226.43
351.93,234.59
381.49,234.13
361.06,229.35
318.83,228.73
308.21,225.26
328.10,225.19
358.05,229.73
346.44,230.13
314.61,223.68
383.92,231.69
341.26,229.00
362.60,230.18
344.37,225.78
360.73,237.06
362.35,233.61
334.60,229.26
330.87,225.98
313.71,224.08
359.86,230.74
335.42,226.29
342.39,230.37
330.60,229.51
332.43,230.91
323.02,222.79
340.33,228.36
344.76,231.49
350.00,227.88
366.85,232.33
370.88,235.24
335.07,231.73
331.78,229.47
356.98,228.28
343.95,228.44
331.67,231.49
329.83,228.30
341.94,225.83
341.00,230.75
369.37,231.71
369.46,231.68
324.10,229.90
344.07,227.57
335.89,227.88
332.59,231.05
325.63,228.61
384.45,230.28
390.52,233.11
345.00,233.56
354.08,231.04
383.28,232.07
371.56,228.68
352.72,232.93
348.89,229.88
345.45,227.70
369.27,236.65
355.67,234.95
328.14,230.37
408.77,237.30
326.82,224.95
395.78,235.39
307.41,223.60
375.92,230.49
346.46,229.14
372.82,227.31
342.94,231.78
313.93,230.72
326.50,227.42
380.63,231.68
332.69,230.06
336.61,227.68
331.60,227.57
328.69,230.01
364.85,234.38
381.64,233.21
317.47,228.44
329.90,222.78
382.01,233.33
368.67,230.59
368.83,232.77
340.26,228.49
376.56,232.31
362.35,232.63
342.41,223.94
342.54,230.80
369.47,231.17
362.87,232.07
365.96,230.03
365.31,231.27
329.40,232.69
303.06,226.42
367.30,233.82
322.57,224.69
370.42,234.52
351.79,231.47
352.63,226.83
387.40,238.73
354.37,232.58
328.87,224.97
344.06,229.02
340.25,227.68
343.18,228.18
378.60,230.12
331.80,225.80
372.20,234.34
308.47,228.02
356.04,228.34
346.84,233.65
382.13,237.13
385.29,231.96
309.71,220.06
373.21,230.64
346.80,229.73
359.73,230.88
343.74,230.23
333.68,228.95
349.31,232.25
346.47,231.67
343.21,227.41
348.60,230.77
346.95,231.47
354.26,230.63
343.28,232.67
358.98,234.72
346.62,226.69
341.96,228.56
338.45,229.33
331.16,228.45
336.96,233.57
340.18,229.87
341.04,227.69
342.84,231.10
367.58,231.83
340.40,230.73
343.07,230.70
361.07,231.43
322.61,229.56
353.51,230.39
373.66,234.30
359.87,225.24
363.47,228.87
364.82,230.12
381.33,231.93
374.06,233.09
353.95,234.25
368.25,231.61
348.13,226.19
342.37,230.41
365.17,233.18
355.23,231.04
371.64,232.07
362.22,235.58
311.69,234.83
345.37,229.38
337.44,227.91
337.47,229.35
392.68,231.81
378.33,232.83
341.79,230.21
341.40,226.02
329.22,227.56
330.07,231.31
315.83,223.17
329.70,232.57
358.32,230.13
358.25,233.69
366.38,231.27
340.22,230.58
354.96,227.95
355.34,228.46
377.61,233.44
370.92,236.16
351.18,229.60
359.35,232.32
372.79,229.80
362.89,234.03
346.48,228.89
316.98,228.00
327.42,226.74
364.78,230.59
331.71,225.43
323.45,226.44
380.15,231.02
342.59,230.68
309.56,226.77
352.49,233.36
360.15,226.19
309.52,227.90
310.31,228.49
377.73,231.61
347.43,226.99
315.01,228.79
341.50,231.93
337.93,225.86
357.05,228.85
351.38,231.52
360.26,228.41
342.00,228.66
326.57,227.92
347.28,227.54
349.23,231.82
326.78,224.57
345.93,224.51
376.12,226.11
364.67,226.21
339.03,226.56
365.46,233.54
357.39,230.75
364.51,234.40
338.52,226.80
367.50,232.37
325.22,228.51
364.59,230.30
348.79,231.69
361.88,226.43
361.51,230.68
397.42,236.36
379.12,231.35
369.77,232.63
325.65,227.46
296.84,226.97
336.11,225.39
333.74,232.02
329.97,222.34
361.72,229.55
348.42,231.35
355.82,231.20
383.55,232.72
331.80,225.14
340.27,232.64
365.39,232.78
353.76,231.02
356.74,228.35
342.07,230.74
407.09,236.87
376.58,235.34
357.44,230.43
330.74,229.42
330.64,230.42
332.01,225.63
355.70,228.11
327.41,224.51
358.05,230.81
354.20,231.78
366.26,231.38
355.68,227.53
343.89,227.75
336.90,227.30
332.08,229.36
341.60,224.48
353.61,231.36
364.70,227.32
346.16,230.76
350.11,228.68
344.53,229.95
354.48,230.28
341.45,226.45
361.42,229.13
328.41,229.55
351.59,230.60
330.39,229.28
351.80,229.71
335.66,229.75
372.49,233.16
334.38,230.15
348.71,231.63
323.10,231.62
329.35,230.78
372.31,232.52
356.96,229.83
380.63,231.63
361.21,229.80
342.77,219.27
342.38,229.35
312.35,223.29
373.41,231.69
330.66,228.41
364.67,231.57
312.75,228.71
385.00,230.50
367.32,234.91
352.36,230.20
321.35,227.29
334.51,225.38
367.36,234.24
377.26,234.95
363.13,232.52
358.66,232.46
345.77,233.38
316.83,226.11
363.95,233.12
389.07,237.57
362.50,233.55
343.35,229.37
322.92,228.51
348.73,233.87
376.59,234.65
364.63,231.91
342.87,230.48
342.67,231.99
341.73,231.75
379.60,229.59
390.53,233.73
310.69,230.65
327.58,226.53
364.33,232.86
360.90,228.10
366.19,232.14
394.05,231.65
306.94,226.24
340.69,225.47
363.89,230.07
392.13,236.53
319.58,230.14
337.36,230.17
324.05,224.98
389.08,232.95
370.61,226.91
308.73,221.32
360.73,229.00
327.31,227.87
281.66,222.92
370.60,232.46
354.29,229.67
352.47,224.94
364.48,231.97
320.63,225.52
330.16,229.20
344.37,227.41
361.06,229.39
343.14,230.93
364.17,233.22
339.26,231.21
372.63,230.27
376.80,231.93
328.02,230.91
328.01,227.82
362.13,231.70
348.57,228.94
366.91,226.89
369.07,228.95
378.50,232.60
379.13,234.14
356.49,228.96
344.04,229.57
310.30,228.49
379.57,230.63
341.20,230.20
343.06,228.13
357.88,233.23
354.95,231.94
384.80,235.12
331.35,229.23
348.82,231.13
382.71,232.96
364.68,233.80
345.09,228.57
335.75,228.78
301.50,223.71
382.94,233.36
404.48,233.62
343.11,227.63
371.93,234.30
343.24,231.84
343.01,230.64
340.23,227.72
344.08,225.53
341.39,225.93
351.47,233.56
342.59,227.66
360.35,230.66
350.23,229.49
352.78,229.94
353.92,234.34
324.84,230.05
397.55,235.40
375.88,229.15
350.99,229.47
373.11,231.34
356.74,231.65
307.91,222.58
343.89,227.73
350.85,230.93
356.85,232.16
362.53,230.51
319.51,224.83
377.42,231.64
321.10,229.92
364.25,233.05
347.90,231.22
329.77,232.83
342.69,232.00
344.50,229.12
360.49,229.86
359.41,232.90
329.29,226.75
374.15,233.98
357.79,231.17
360.84,231.96
359.92,227.04
344.27,233.62
381.57,237.18
330.05,226.24
344.19,225.99
345.43,223.63
370.23,230.03
366.28,232.02
369.96,230.54
340.47,229.79
336.96,227.47
351.65,230.78
332.25,230.99
310.53,222.40
357.47,226.46
379.95,232.15
314.88,225.52
329.37,228.63
365.82,231.73
372.28,227.37
337.91,233.98
400.52,236.24
305.11,225.48
363.95,231.90
340.03,226.96
386.64,231.32
354.82,229.58
328.72,229.05
310.46,226.09
346.78,231.35
337.55,229.75
334.50,228.01
339.82,229.75
303.94,225.01
321.72,228.14
338.63,225.23
344.31,231.93
327.77,228.15
349.40,232.53
341.53,228.75
330.05,231.27
365.44,229.63
322.96,225.65
376.19,230.41
377.22,234.22
391.00,234.84
349.62,230.41
367.30,231.16
372.42,231.94
370.42,233.23
378.60,236.60
350.03,229.57
381.62,231.83
385.00,234.30
347.84,229.41
341.28,228.47
369.30,230.36
338.86,227.91
342.24,228.13
337.67,228.11
365.27,235.57
363.44,234.80
316.55,226.08
328.68,228.08
331.27,228.74
390.01,241.14
377.78,230.52
354.84,232.26
359.17,231.98
333.21,227.75
364.44,235.15
374.86,233.53
340.05,225.94
335.09,233.14
333.91,234.08
365.61,228.19
344.62,231.53
374.09,232.01
392.80,234.04
333.09,231.55
342.25,228.62
340.74,230.38
329.91,226.48
329.22,227.68
328.19,230.03
374.45,233.73
325.55,226.50
345.87,232.08
338.94,228.44
350.79,226.36
341.72,224.46
359.80,231.27
369.11,230.02
353.65,226.80
397.80,242.05
353.88,230.65
339.15,229.24
346.54,226.54
366.87,232.11
391.95,231.25
354.63,231.96
340.16,226.32
337.12,228.67
313.81,230.24
353.01,233.24
326.29,231.49
359.79,228.26
393.55,230.48
337.37,225.48
364.10,230.14
356.14,226.70
403.66,233.09
351.72,229.64
350.38,227.50
306.91,222.03
311.84,226.56
350.25,227.03
353.18,224.57
328.33,227.03
388.57,233.38
361.34,229.55
355.32,231.96
362.56,234.58
347.71,229.80
351.42,227.87
347.54,226.91
355.96,231.63
367.33,233.90
365.34,227.48
344.62,229.68
350.57,229.61
380.18,232.14
360.83,230.35
351.37,228.77
333.47,226.84
374.16,230.51
351.14,229.10
394.87,235.82
336.00,226.59
354.79,229.93
327.35,227.39
351.23,232.96
358.82,230.94
348.57,227.05
377.04,235.01
344.56,230.47
380.56,228.93
346.50,225.39
331.04,227.34
348.59,232.81
347.24,234.95
364.49,232.75
337.28,228.83
347.99,231.31
365.67,234.55
331.70,227.73
362.46,228.62
354.44,228.32
370.64,234.70
353.82,230.12
350.58,227.41
397.47,236.31
333.08,224.76
372.61,230.44
355.05,232.36
329.58,229.65
357.22,231.34
366.94,232.68
328.25,230.84
401.04,233.93
370.05,229.76
375.20,233.64
338.11,226.30
333.51,226.01
324.14,229.62
355.51,229.45
336.59,233.34
362.51,234.22
363.01,233.01
369.78,235.70
369.05,232.25
364.80,236.61
336.22,230.63
391.94,236.57
330.84,229.46
323.88,223.35
352.82,229.79
335.50,228.03
304.03,223.98
347.93,234.99
369.67,230.19
317.09,221.87
345.17,230.23
334.41,226.49
343.25,224.20
339.00,230.99
374.23,233.22
348.72,231.57
354.03,230.18
338.93,229.38
339.48,225.88
313.62,224.56
377.92,234.35
344.02,228.45
341.91,234.65
355.90,228.30
345.30,230.80
310.22,229.10
366.41,226.83
330.30,227.41
326.53,225.22
354.52,226.87
365.45,233.56
337.46,229.65
386.57,235.89
374.10,229.87
324.44,227.69
365.32,234.30
353.76,234.17
342.18,227.30
377.13,231.87
340.89,230.33
370.22,235.36
324.11,228.34
344.92,229.94
355.70,231.16
342.54,231.26
350.68,230.92
357.29,229.00
314.74,227.36
362.79,232.28
305.56,226.33
342.42,232.18
335.71,225.89
317.30,231.23
371.74,232.68
364.43,232.66
360.60,231.65
344.53,233.72
335.56,231.41
357.80,232.37
383.77,233.33
344.50,232.13
328.94,228.42
344.21,228.08
369.25,229.84
388.13,239.15
328.84,231.47
366.28,230.82
382.68,233.11
304.34,231.06
350.36,232.44
405.78,237.46
388.45,235.71
329.85,231.77
328.49,226.43
376.54,232.07
334.73,226.33
350.05,225.97
342.55,231.13
391.87,227.53
378.99,234.32
376.74,233.26
313.75,229.54
375.82,232.45
375.98,235.34
389.60,231.06
303.15,229.84
371.57,230.62
348.20,228.31
371.65,235.48
347.78,232.59
336.79,228.67
342.22,227.08
363.95,230.94
388.45,229.68
335.83,230.76
377.12,233.42
347.86,235.61
352.74,233.55
345.02,231.49
319.62,229.29
332.78,228.45
373.71,229.61
347.00,228.75
321.26,223.66
359.98,228.20
364.76,234.24
353.76,231.69
333.91,227.56
370.42,229.72
319.61,227.42
349.05,233.80
354.25,228.07
360.46,230.84
342.03,225.66
369.79,235.28
352.32,232.14
342.77,225.41
353.54,228.52
368.42,230.68
317.08,225.49
361.22,233.11
340.62,228.51
375.58,230.91
344.73,233.33
357.11,228.48
386.10,231.71
362.90,229.24
356.93,231.52
327.46,227.65
352.11,231.73
339.55,228.71
331.44,230.11
363.66,231.71
366.95,230.77
366.92,229.18
337.18,229.62
350.01,226.41
328.02,233.93
368.34,230.75
377.46,232.04
399.85,230.18
373.56,232.47
330.45,222.81
332.30,230.55
318.38,225.65
354.42,231.96
377.48,232.44
345.89,227.40
343.51,225.96
359.41,232.99
369.30,234.94
350.47,233.98
307.81,227.62
354.50,231.27
349.58,230.54
338.80,229.03
368.70,232.61
387.98,232.74
327.88,225.50
334.88,229.13
352.45,232.16
351.43,233.29
335.55,229.40
352.64,230.96
363.76,230.74
324.64,225.84
355.01,224.11
371.93,232.95
356.78,226.58
362.09,228.65
362.18,235.86
374.98,230.63
355.91,231.67
331.92,227.12
348.62,230.59
364.62,231.91
342.35,231.40
381.31,234.98
365.89,233.02
359.36,233.46
339.80,231.33
329.67,222.02
312.99,225.94
362.05,228.64
402.73,234.40
364.35,232.27
346.43,232.35
343.10,226.48
344.60,227.80
349.66,229.90
334.42,229.55
360.14,232.42
325.76,225.51
359.90,233.17
341.31,230.91
312.30,225.27
322.24,224.91
366.09,230.15
338.36,224.50
347.75,229.79
328.34,226.90
318.60,226.35
393.43,237.30
357.15,230.67
353.18,231.70
355.13,228.34
354.56,234.01
320.45,227.72
350.87,232.41
336.58,231.19
364.79,230.49
336.72,229.20
350.17,229.05
341.96,226.65
377.90,230.18
353.95,230.55
351.16,228.26
357.59,233.14
357.30,232.67
307.70,224.05
309.42,225.89
331.81,228.79
331.07,230.11
359.82,229.32
374.55,235.94
362.31,231.58
377.68,235.42
361.65,233.04
343.38,230.17
348.11,228.55
353.65,229.65
366.29,232.27
338.87,223.62
339.67,228.07
371.28,233.98
376.52,233.95
361.73,231.73
338.59,228.38
342.10,234.00
336.76,228.96
344.28,230.31
368.50,232.41
356.79,236.16
348.96,229.86
338.75,228.90
372.71,233.13
335.32,225.42
338.80,228.74
338.55,232.27
318.91,229.42
350.72,226.08
318.93,226.39
347.56,231.26
381.38,230.70
381.81,234.33
336.07,227.85
368.88,231.13
348.92,227.75
358.46,232.02
318.77,230.47
351.42,231.09
355.82,233.09
355.60,234.80
357.78,229.36
321.74,228.77
371.90,233.96
350.66,229.34
355.85,225.56
363.10,232.78
340.70,230.36
322.79,224.42
341.06,229.07
361.63,235.83
352.58,230.09
360.90,233.24
353.89,231.71
364.01,226.87
365.12,233.62
357.97,234.07
322.37,225.34
361.86,230.38
365.53,234.19
373.16,231.39
359.79,232.05
358.51,234.56
348.97,230.36
350.85,233.29
381.26,232.57
364.60,233.84
361.96,230.85
357.17,231.10
362.96,230.92
366.17,234.33
360.64,227.93
327.21,222.56
358.97,229.38
354.07,228.45
362.11,227.50
319.82,229.40
368.11,236.07
333.38,227.49
320.50,225.52
323.29,225.31
338.33,228.44
377.72,230.85
326.80,227.34
345.86,232.02
315.33,226.17
363.01,236.51
371.61,231.27
354.00,234.50
374.80,230.97
346.12,230.28
301.69,221.01
318.87,221.63
350.28,231.16
328.65,229.40
373.41,229.08
349.80,232.12
381.69,235.68
349.48,225.45
346.80,232.22
324.76,225.08
345.95,228.53
368.19,231.34
304.52,225.98
371.77,229.93
347.46,227.75
312.17,224.91
325.82,229.13
340.81,233.77
363.89,230.21
362.56,232.21
348.11,232.27
347.31,226.64
379.10,234.70
350.54,228.99
331.60,228.50
366.35,232.96
351.80,231.09
360.06,233.70
376.50,232.86
358.32,230.90
385.53,233.61
351.09,230.38
364.71,231.72
336.81,231.00
327.61,228.58
333.46,229.94
323.31,221.90
327.50,231.31
353.40,227.52
354.24,226.81
380.70,234.44
364.01,229.52
326.96,221.55
375.25,232.89
373.48,230.44
316.56,225.39
363.78,233.03
351.22,228.77
352.86,233.92
354.11,228.47
375.00,233.77
367.14,230.36
353.63,232.52
299.08,221.76
353.43,232.62
330.24,230.33
347.94,230.90
330.78,226.43
327.82,230.23
345.60,229.07
372.34,229.41
384.55,233.19
358.81,233.92
341.41,231.07
348.36,225.10
332.01,224.62
346.11,231.22
344.07,228.09
368.85,232.67
346.89,232.14
378.44,236.34
321.53,230.57
345.29,227.33
347.11,230.80
398.84,240.29
378.51,234.53
353.69,231.24
329.37,226.39
347.50,230.70
346.35,229.61
363.68,230.46
305.70,223.96
352.38,231.83
326.69,230.43
372.01,235.30
363.55,230.81
332.50,230.66
384.19,237.18
370.01,230.93
356.77,227.92
339.64,231.36
370.85,230.08
367.36,230.10
345.88,226.73
333.99,227.00
388.92,235.75
340.50,227.72
326.09,228.26
325.37,226.06
356.40,232.67
376.53,234.65
327.99,227.57
339.19,227.31
356.46,234.71
377.84,228.77
324.06,228.87
342.29,230.49
326.64,231.56
326.21,228.91
360.09,229.13
362.85,232.74
358.15,229.21
358.43,230.82
298.68,223.18
368.01,231.30
316.78,227.14
382.91,236.39
363.93,230.70
348.41,231.04
352.02,226.98
350.31,228.79
338.47,230.07
332.63,232.84
358.95,225.36
341.22,226.50
349.52,230.18
356.18,234.76
346.23,231.70
349.41,233.14
375.16,227.25
377.92,229.36
345.85,228.93
364.01,226.81
359.55,226.97
311.75,228.12
363.58,228.27
370.54,237.41
300.73,221.42
374.66,234.72
360.64,230.38
333.29,228.10
369.19,230.36
355.94,224.09
321.05,226.33
356.63,233.27
371.04,232.20
388.31,232.96
324.52,229.35
366.99,230.13
348.36,225.82
342.86,224.92
390.99,236.01
391.92,232.48
356.06,230.81
352.14,231.24
358.53,230.70
349.80,228.58
388.73,231.39
333.21,225.33
346.83,228.60
352.24,234.21
356.42,233.01
335.39,226.78
347.41,226.86
328.48,228.12
329.74,227.51
337.60,231.79
355.04,229.81
313.58,229.67
370.45,234.43
370.40,233.59
383.00,236.55
331.03,226.92
337.62,230.23
340.30,228.12
343.41,226.24
381.67,233.25
378.71,238.59
372.17,234.53
353.83,231.37
334.07,225.23
359.27,232.84
368.73,231.20
375.99,233.79
392.90,227.49
349.24,230.02
350.91,228.45
359.11,232.71
343.81,231.47
325.74,226.44
364.42,229.42
381.00,231.88
312.51,226.85
343.14,229.93
351.04,231.07
361.15,233.42
332.40,233.83
368.05,232.04
358.34,232.48
348.43,228.33
328.54,229.02
342.85,228.56
321.59,228.56
338.53,228.35
353.98,232.43
311.71,226.63
345.53,228.98
359.85,231.53
365.82,227.20
344.83,225.86
310.15,224.16
350.40,232.80
356.66,230.61
360.56,225.25
346.17,230.82
341.88,229.94
345.79,233.50
313.60,226.88
325.19,229.34
333.84,227.43
343.40,227.26
343.13,226.48
371.86,232.36
363.54,231.01
338.40,230.53
353.82,225.23
345.37,223.59
376.87,235.07
312.04,230.88
360.77,230.50
360.42,230.20
353.32,232.64
347.72,231.37
309.57,226.44
349.06,231.23
340.44,229.22
338.45,229.44
360.74,236.43
368.27,233.44
351.25,227.56
354.09,231.48
320.19,231.41
317.67,226.99
370.12,232.08
372.85,232.78
348.30,228.06
356.83,228.95
329.61,224.00
333.52,228.06
333.75,223.37
363.83,237.71
359.16,234.53
353.67,229.80
354.70,232.86
341.87,227.42
358.78,230.95
341.96,224.83
351.44,229.10
361.83,232.10
367.17,231.86
361.03,231.43
318.83,227.09
354.51,229.03
371.59,229.31
331.10,224.80
364.52,229.88
391.92,236.32
352.01,234.77
307.50,230.02
361.93,232.00
366.88,231.93
373.42,227.28
337.91,229.07
386.97,233.38
363.92,228.64
366.00,231.83
356.86,229.40
377.02,233.17
363.15,231.39
361.47,234.56
367.65,230.76
325.94,225.62
344.26,229.13
353.71,229.56
329.03,228.11
321.37,227.80
366.95,233.03
327.94,229.13
386.97,235.00
343.11,233.95
350.00,223.60
359.05,230.40
362.17,229.56
353.04,231.29
335.93,227.25
358.13,232.49
355.41,230.13
340.03,230.13
320.77,229.68
347.34,228.77
338.38,229.36
356.86,233.05
307.41,223.49
330.24,226.03
384.18,235.51
341.99,230.13
372.18,235.30
331.23,228.17
297.74,224.74
344.68,232.01
325.37,225.43
350.42,231.58
320.68,226.26
365.33,229.82
343.71,226.62
341.07,227.81
385.70,235.61
355.79,228.58
401.16,233.58
369.56,229.03
360.25,232.63
358.79,225.48
333.63,231.05
359.28,232.29
328.24,227.76
357.26,229.91
356.27,230.73
372.45,233.30
345.10,230.74
358.07,231.05
353.98,228.53
336.43,227.03
351.47,229.45
341.60,225.20
394.89,235.55
335.79,226.42
338.43,227.26
345.47,228.78
312.77,227.51
368.27,233.32
357.99,234.26
334.98,232.81
338.26,223.86
375.77,235.91
359.30,229.73
349.79,226.21
302.01,221.50
345.30,228.25
333.37,225.46
374.38,231.43
326.78,225.01
336.64,229.90
301.53,225.65
348.10,230.36
331.94,228.94
355.32,228.50
336.94,229.09
352.04,229.02
354.01,231.41
315.67,226.59
411.12,236.60
319.66,224.82
364.98,231.48
379.21,236.50
341.56,228.34
327.52,228.71
342.55,229.23
344.94,230.20
329.92,228.40
335.45,224.74
352.01,231.71
343.60,229.90
353.05,229.47
363.66,228.69
353.70,233.89
372.83,229.24
368.41,227.70
363.17,230.42
374.58,233.14
373.29,231.16
378.59,232.63
333.24,231.95
324.91,226.05
335.30,233.86
313.89,225.23
354.64,229.40
380.01,234.38
413.59,240.63
356.17,226.72
338.44,231.13
390.18,229.06
345.15,231.87
376.34,233.37
329.56,224.35
341.19,227.90
350.39,231.39
351.88,226.87
349.46,231.74
313.50,226.24
317.46,226.13
392.70,233.65
356.47,231.35
351.13,229.26
364.46,231.81
361.08,229.91
340.87,228.77
344.14,229.26
351.38,233.18
359.59,228.80
363.04,229.38
354.22,231.13
368.57,233.81
366.13,231.86
357.94,232.86
343.07,229.11
370.28,229.09
349.14,226.91
336.83,225.25
332.31,230.93
339.71,231.30
342.13,232.93
322.60,230.22
351.95,232.71
375.22,233.68
328.23,228.33
330.71,227.36
405.01,233.93
377.32,231.07
321.62,226.24
358.00,227.93
369.08,231.25
355.29,225.47
337.75,225.85
374.13,236.77
417.11,238.02
347.66,228.09
327.63,228.32
374.91,232.76
347.71,228.62
342.67,232.87
346.57,227.57
317.29,227.82
360.33,228.76
348.60,230.02
382.42,232.32
363.17,234.04
323.41,228.60
363.00,228.58
313.64,224.71
403.43,232.64
312.26,228.82
353.13,227.51
366.87,231.16
369.33,232.66
383.62,233.19
321.19,227.04
321.08,225.53
354.49,229.59
350.29,231.35
318.67,231.51
299.40,225.51
368.91,231.66
341.75,230.60
365.80,229.81
321.29,226.02
340.06,229.47
347.20,229.23
347.98,230.84
371.06,235.47
370.28,235.48
386.61,236.15
340.69,228.28
339.59,232.60
369.29,235.88
317.20,226.02
359.18,231.77
336.76,228.70
348.79,228.11
345.16,234.69
361.86,231.41
356.00,229.44
356.06,228.96
371.98,232.16
362.16,228.79
372.53,233.13
357.36,232.28
355.73,231.85
374.23,234.42
362.29,229.08
359.14,230.17
357.81,233.00
356.16,231.79
364.16,229.70
334.52,232.11
373.35,233.03
346.96,229.54
329.61,227.90
324.97,227.80
344.14,234.65
345.78,226.86
354.28,230.58
312.67,225.70
329.81,227.23
343.60,228.78
363.31,231.78
352.22,228.60
360.03,233.94
356.11,229.26
329.86,228.32
341.46,226.31
324.91,227.09
348.42,229.22
354.73,233.98
306.28,228.23
343.86,233.78
350.10,233.09
381.54,235.84
352.82,229.61
356.70,229.47
376.74,235.58
356.43,229.94
374.52,231.44
363.64,234.74
323.63,231.62
341.00,230.84
353.81,229.12
338.69,230.68
318.76,226.48
343.35,227.13
323.97,227.98
352.37,225.70
391.37,230.30
374.94,232.38
347.98,226.93
317.58,223.73
341.89,231.63
383.51,231.14
326.68,228.52
330.72,229.17
365.79,227.11
319.79,228.59
331.33,226.44
352.61,229.18
321.34,223.07
339.62,234.70
347.03,231.27
327.37,228.71
369.81,231.94
330.76,227.08
394.89,232.34
353.27,231.85
347.80,229.01
370.65,233.10
375.10,233.08
350.10,227.03
330.99,228.32
357.88,233.47
392.85,230.02
371.72,227.82
365.44,230.37
368.74,233.22
342.16,229.20
337.15,229.51
375.68,230.27
360.60,233.65
352.58,230.32
311.89,228.39
348.66,230.92
363.24,226.44
352.06,231.26
340.45,226.73
368.17,229.65
352.05,227.54
371.92,233.91
336.50,228.70
345.81,228.60
349.75,229.68
360.23,232.36
367.69,235.29
330.61,226.54
370.50,235.31
332.25,229.51
351.28,230.99
341.62,225.77
365.69,233.51
347.61,229.05
345.93,230.82
331.84,225.38
375.49,232.09
363.29,234.94
359.11,232.81
337.61,230.46
359.09,232.17
320.06,223.21
355.04,228.83
318.76,224.54
352.90,229.73
358.91,235.25